4536
4532
4530
4525
4519
4518
4516
4514
4512
4508
4506
4505
4499
4495
4491
4489
4487
4481
4479
4471
4466
4460
4459
4457
4455
4454
4450
4447
4444
4443
4441
4437
4436
4430
4426
4423
4421
4418
4410
4405
4404
4401
4400
4396
4395
4393
4391
4389
4387
4383
4378
4377
4376
4374
4371
4369
4368
4367
4364
4357
4355
4354
4352
4347
4345
4344
4331
4327
4326
4325
4322
4320
4319
4316
4314
4311
4310
4307
4304
4296
4293
4290
4289
4286
4282
4269
4264
4262
4261
4258
4248
4246
4242
4241
4236
4230
4228
4227
4226
4220
4217
4209
4203
4193
4188
4186
4185
4181
4179
4177
4173
4172
4171
4169
4166
4165
4162
4156
4152
4150
4149
4145
4139
4136
4133
4132
4128
4127
4125
4124
4123
4122
4116
4115
4113
4110
4109
4106
4105
4101
4098
4097
4094
4093
4092
4091
4089
4086
4083
4082
4079
4072
4071
4070
4065
4064
4055
4054
4049
4047
4046
4042
4041
4039
4036
4030
4028
4024
4020
4019
4015
4014
4013
4011
4008
4006
4002
4001
3995
3994
3993
3989
3986
3973
3968
3967
3959
3952
3950
3949
3947
3946
3943
3942
3938
3937
3935
3929
3927
3926
3922
3918
3916
3910
3909
3908
3907
3906
3905
3903
3901
3900
3893
3890
3887
3884
3880
3879
3878
3877
3875
3874
3869
3864
3855
3854
3853
3852
3851
3850
3848
3847
3845
3841
3840
3837
3835
3832
3831
3830
3829
3828
3824
3822
3819
3814
3808
3802
3800
3789
3784
3783
3782
3777
3775
3773
3771
3770
3769
3766
3750
3746
3745
3743
3738
3735
3734
3731
3724
3718
3715
3713
3711
3707
3702
3700
3697
3695
3694
3692
3691
3690
3687
3684
3679
3672
3671
3670
3661
3660
3658
3653
3644
3638
3634
3632
3631
3629
3627
3607
3606
3605
3601
3597
3590
3589
3587
3582
3581
3577
3574
3571
3568
3565
3563
3560
3559
3556
3554
3553
3552
3548
3547
3543
3542
3541
3540
3538
3537
3536
3534
3532
3530
3527
3521
3518
3511
3510
3509
3508
3507
3504
3503
3502
3499
3494
3492
3488
3487
3486
3482
3477
3476
3473
3469
3467
3462
3460
3452
3451
3448
3442
3441
3440
3439
3438
3437
3436
3430
3428
3424
3423
3422
3421
3419
3418
3413
3410
3407
3405
3404
3403
3400
3394
3388
3387
3385
3383
3382
3378
3377
3376
3375
3372
3367
3364
3360
3355
3352
3336
3333
3329
3328
3324
3321
3319
3315
3310
3304
3300
3293
3285
3283
3280
3276
3273
3269
3268
3267
3263
3259
3245
3240
3239
3235
3232
3230
3223
3222
3220
3215
3212
3210
3208
3206
3205
3201
3200
3195
3187
3186
3182
3180
3178
3177
3171
3167
3166
3165
3163
3160
3153
3151
3148
3147
3145
3143
3142
3138
3136
3134
3133
3114
3113
3111
3109
3108
3107
3106
3104
3101
3100
3096
3095
3094
3091
3088
3079
3075
3072
3070
3066
3065
3061
3060
3058
3055
3054
3052
3049
3048
3047
3036
3035
3032
3030
3028
3024
3023
3022
3016
3014
3012
2999
2993
2988
2986
2978
2966
2965
2962
2954
2952
2947
2939
2937
2936
2934
2933
2930
2923
2922
2917
2911
2910
2904
2903
2902
2897
2896
2895
2890
2889
2888
2885
2878
2874
2873
2871
2869
2864
2861
2855
2854
2848
2844
2840
2837
2831
2829
2825
2824
2823
2820
2815
2814
2813
2810
2806
2804
2801
2791
2785
2780
2778
2775
2770
2767
2764
2758
2754
2752
2750
2746
2736
2735
2733
2731
2721
2720
2718
2717
2701
2690
2688
2687
2684
2683
2681
2680
2678
2676
2675
2674
2672
2671
2666
2662
2660
2659
2656
2649
2648
2646
2636
2634
2633
2629
2628
2627
2626
2620
2616
2615
2611
2609
2606
2605
2597
2594
2590
2580
2577
2575
2573
2568
2566
2565
2563
2561
2557
2549
2547
2545
2544
2542
2541
2539
2537
2534
2532
2528
2526
2525
2523
2518
2515
2514
2513
2512
2505
2504
2502
2501
2499
2498
2495
2492
2491
2490
2488
2483
2479
2476
2475
2473
2468
2467
2460
2454
2453
2449
2448
2443
2441
2438
2435
2432
2431
2429
2428
2427
2423
2422
2421
2420
2414
2413
2411
2410
2409
2407
2404
2402
2397
2396
2392
2390
2380
2379
2378
2377
2375
2373
2368
2366
2364
2362
2360
2359
2353
2352
2351
2349
2345
2340
2335
2334
2333
2332
2328
2326
2321
2317
2315
2310
2308
2307
2304
2303
2299
2296
2294
2292
2291
2288
2284
2282
2281
2278
2272
2261
2259
2253
2250
2249
2248
2247
2244
2240
2238
2235
2229
2226
2223
2214
2210
2208
2203
2202
2201
2199
2193
2187
2182
2181
2179
2178
2176
2175
2172
2170
2168
2167
2164
2163
2159
2156
2154
2153
2148
2146
2142
2139
2137
2136
2134
2132
2131
2127
2119
2118
2116
2115
2110
2108
2107
2106
2102
2100
2098
2090
2086
2084
2080
2074
2072
2071
2069
2068
2064
2061
2056
2053
2051
2048
2047
2043
2042
2041
2039
2037
2035
2033
2029
2028
2013
2011
2007
2005
2003
1998
1993
1991
1986
1982
1981
1975
1974
1971
1967
1964
1963
1962
1961
1959
1953
1950
1948
1947
1945
1943
1942
1939
1938
1937
1936
1934
1926
1925
1922
1921
1919
1916
1913
1909
1908
1907
1906
1899
1897
1888
1887
1882
1881
1880
1879
1878
1877
1876
1873
1872
1869
1868
1865
1864
1863
1860
1859
1858
1857
1851
1850
1844
1842
1835
1833
1832
1831
1829
1826
1824
1823
1822
1817
1809
1807
1804
1801
1800
1799
1796
1790
1789
1784
1783
1782
1781
1779
1777
1775
1773
1771
1768
1765
1763
1760
1757
1756
1754
1752
1750
1747
1746
1743
1742
1741
1736
1733
1725
1724
1722
1721
1713
1712
1708
1706
1702
1701
1695
1690
1686
1680
1679
1677
1676
1675
1674
1673
1672
1671
1670
1666
1660
1657
1651
1649
1648
1645
1637
1635
1634
1633
1626
1625
1620
1616
1611
1609
1608
1604
1601
1590
1589
1584
1574
1571
1568
1566
1565
1563
1561
1555
1554
1553
1551
1548
1546
1545
1543
1542
1531
1530
1527
1526
1525
1523
1522
1520
1517
1514
1513
1508
1507
1505
1504
1503
1502
1500
1499
1490
1488
1486
1485
1483
1482
1481
1479
1475
1470
1467
1465
1463
1457
1454
1450
1448
1447
1444
1443
1442
1440
1438
1432
1431
1430
1423
1420
1419
1411
1410
1409
1408
1401
1398
1397
1392
1391
1390
1389
1384
1381
1377
1375
1371
1369
1367
1361
1360
1356
1355
1354
1352
1350
1347
1340
1339
1338
1337
1335
1332
1329
1326
1323
1320
1318
1317
1313
1311
1309
1305
1297
1291
1289
1288
1287
1284
1283
1279
1278
1277
1276
1275
1271
1262
1261
1260
1259
1250
1248
1247
1245
1244
1243
1242
1239
1238
1237
1228
1225
1220
1218
1216
1215
1211
1210
1208
1207
1204
1192
1189
1188
1187
1185
1181
1180
1178
1175
1174
1168
1166
1162
1161
1159
1158
1157
1153
1150
1147
1144
1143
1142
1138
1130
1129
1125
1122
1118
1117
1116
1115
1114
1105
1104
1102
1100
1098
1097
1094
1092
1081
1078
1077
1072
1068
1067
1066
1060
1057
1050
1047
1046
1045
1043
1042
1039
1036
1034
1031
1030
1029
1028
1026
1021
1018
1009
1008
1007
1006
1005
1003
994
988
987
985
984
977
976
973
972
970
969
967
961
958
955
953
950
946
944
943
940
939
937
935
933
930
929
928
924
922
921
919
914
913
911
900
895
894
893
890
885
884
882
879
877
876
873
872
871
869
866
864
863
862
861
858
857
855
853
851
849
847
846
844
838
836
834
833
830
826
824
822
818
817
811
808
805
803
802
801
797
793
791
790
787
786
785
783
781
779
778
775
772
770
768
766
765
764
763
761
759
757
756
754
751
746
744
743
741
739
738
737
736
730
729
725
724
723
721
720
719
718
713
712
711
708
704
702
701
695
694
689
687
686
678
675
674
673
664
662
658
656
653
651
647
646
644
641
638
634
632
631
629
623
616
613
611
609
608
606
604
602
601
597
595
592
589
587
584
581
580
575
572
569
554
552
551
550
541
538
535
534
529
528
525
524
523
509
507
506
504
503
500
495
493
490
489
485
483
478
477
476
473
472
468
466
465
464
463
461
460
455
451
447
442
440
438
436
435
428
427
425
423
422
421
416
415
410
409
405
404
403
402
401
400
398
397
396
395
392
390
388
386
385
382
380
371
370
369
367
366
363
359
358
357
354
353
350
349
347
343
342
341
340
333
331
330
328
327
322
321
319
315
314
312
309
308
306
305
304
303
300
299
297
293
292
289
288
287
286
282
281
280
278
277
276
268
267
266
264
263
262
261
259
258
254
253
250
248
247
246
245
243
239
238
236
234
231
229
228
227
225
216
215
214
212
211
208
204
200
198
197
194
189
186
178
176
175
172
171
168
166
162
161
159
157
156
155
154
150
148
143
142
141
133
130
127
124
121
119
116
115
114
113
112
111
110
106
104
103
102
101
93
91
89
86
83
82
80
79
78
75
70
69
68
66
62
60
58
50
46
41
40
36
23
15
7
