1
2
3
4
5
6
8
9
10
11
12
13
14
16
17
18
19
20
21
22
24
25
26
27
28
29
30
31
32
33
34
35
37
38
39
42
43
44
45
47
48
49
51
52
53
54
55
56
57
59
61
63
64
65
67
71
72
73
74
76
77
81
84
85
87
88
90
92
94
95
96
97
98
99
100
105
107
108
109
117
118
120
122
123
125
126
128
129
131
132
134
135
136
137
138
139
140
144
145
146
147
149
151
152
153
158
160
163
164
165
167
169
170
173
174
177
179
180
181
182
183
184
185
187
188
190
191
192
193
195
196
199
201
202
203
205
206
207
209
210
213
217
218
219
220
221
222
223
224
226
230
232
233
235
237
240
241
242
244
249
251
252
255
256
257
260
265
269
270
271
272
273
274
275
279
283
284
285
290
291
294
295
296
298
301
302
307
310
311
313
316
317
318
320
323
324
325
326
329
332
334
335
336
337
338
339
344
345
346
348
351
352
355
356
360
361
362
364
365
368
372
373
374
375
376
377
378
379
381
383
384
387
389
391
393
394
399
406
407
408
411
412
413
414
417
418
419
420
424
426
429
430
431
432
433
434
437
439
441
443
444
445
446
448
449
450
452
453
454
456
457
458
459
462
467
469
470
471
474
475
479
480
481
482
484
486
487
488
491
492
494
496
497
498
499
501
502
505
508
510
511
512
513
514
515
516
517
518
519
520
521
522
526
527
530
531
532
533
536
537
539
540
542
543
544
545
546
547
548
549
553
555
556
557
558
559
560
561
562
563
564
565
566
567
568
570
571
573
574
576
577
578
579
582
583
585
586
588
590
591
593
594
596
598
599
600
603
605
607
610
612
614
615
617
618
619
620
621
622
624
625
626
627
628
630
633
635
636
637
639
640
642
643
645
648
649
650
652
654
655
657
659
660
661
663
665
666
667
668
669
670
671
672
676
677
679
680
681
682
683
684
685
688
690
691
692
693
696
697
698
699
700
703
705
706
707
709
710
714
715
716
717
722
726
727
728
731
732
733
734
735
740
742
745
747
748
749
750
752
753
755
758
760
762
767
769
771
773
774
776
777
780
782
784
788
789
792
794
795
796
798
799
800
804
806
807
809
810
812
813
814
815
816
819
820
821
823
825
827
828
829
831
832
835
837
839
840
841
842
843
845
848
850
852
854
856
859
860
865
867
868
870
874
875
878
880
881
883
886
887
888
889
891
892
896
897
898
899
901
902
903
904
905
906
907
908
909
910
912
915
916
917
918
920
923
925
926
927
931
932
934
936
938
941
942
945
947
948
949
951
952
954
956
957
959
960
962
963
964
965
966
968
971
974
975
978
979
980
981
982
983
986
989
990
991
992
993
995
996
997
998
999
1000
1001
1002
1004
1010
1011
1012
1013
1014
1015
1016
1017
1019
1020
1022
1023
1024
1025
1027
1032
1033
1035
1037
1038
1040
1041
1044
1048
1049
1051
1052
1053
1054
1055
1056
1058
1059
1061
1062
1063
1064
1065
1069
1070
1071
1073
1074
1075
1076
1079
1080
1082
1083
1084
1085
1086
1087
1088
1089
1090
1091
1093
1095
1096
1099
1101
1103
1106
1107
1108
1109
1110
1111
1112
1113
1119
1120
1121
1123
1124
1126
1127
1128
1131
1132
1133
1134
1135
1136
1137
1139
1140
1141
1145
1146
1148
1149
1151
1152
1154
1155
1156
1160
1163
1164
1165
1167
1169
1170
1171
1172
1173
1176
1177
1179
1182
1183
1184
1186
1190
1191
1193
1194
1195
1196
1197
1198
1199
1200
1201
1202
1203
1205
1206
1209
1212
1213
1214
1217
1219
1221
1222
1223
1224
1226
1227
1229
1230
1231
1232
1233
1234
1235
1236
1240
1241
1246
1249
1251
1252
1253
1254
1255
1256
1257
1258
1263
1264
1265
1266
1267
1268
1269
1270
1272
1273
1274
1280
1281
1282
1285
1286
1290
1292
1293
1294
1295
1296
1298
1299
1300
1301
1302
1303
1304
1306
1307
1308
1310
1312
1314
1315
1316
1319
1321
1322
1324
1325
1327
1328
1330
1331
1333
1334
1336
1341
1342
1343
1344
1345
1346
1348
1349
1351
1353
1357
1358
1359
1362
1363
1364
1365
1366
1368
1370
1372
1373
1374
1376
1378
1379
1380
1382
1383
1385
1386
1387
1388
1393
1394
1395
1396
1399
1400
1402
1403
1404
1405
1406
1407
1412
1413
1414
1415
1416
1417
1418
1421
1422
1424
1425
1426
1427
1428
1429
1433
1434
1435
1436
1437
1439
1441
1445
1446
1449
1451
1452
1453
1455
1456
1458
1459
1460
1461
1462
1464
1466
1468
1469
1471
1472
1473
1474
1476
1477
1478
1480
1484
1487
1489
1491
1492
1493
1494
1495
1496
1497
1498
1501
1506
1509
1510
1511
1512
1515
1516
1518
1519
1521
1524
1528
1529
1532
1533
1534
1535
1536
1537
1538
1539
1540
1541
1544
1547
1549
1550
1552
1556
1557
1558
1559
1560
1562
1564
1567
1569
1570
1572
1573
1575
1576
1577
1578
1579
1580
1581
1582
1583
1585
1586
1587
1588
1591
1592
1593
1594
1595
1596
1597
1598
1599
1600
1602
1603
1605
1606
1607
1610
1612
1613
1614
1615
1617
1618
1619
1621
1622
1623
1624
1627
1628
1629
1630
1631
1632
1636
1638
1639
1640
1641
1642
1643
1644
1646
1647
1650
1652
1653
1654
1655
1656
1658
1659
1661
1662
1663
1664
1665
1667
1668
1669
1678
1681
1682
1683
1684
1685
1687
1688
1689
1691
1692
1693
1694
1696
1697
1698
1699
1700
1703
1704
1705
1707
1709
1710
1711
1714
1715
1716
1717
1718
1719
1720
1723
1726
1727
1728
1729
1730
1731
1732
1734
1735
1737
1738
1739
1740
1744
1745
1748
1749
1751
1753
1755
1758
1759
1761
1762
1764
1766
1767
1769
1770
1772
1774
1776
1778
1780
1785
1786
1787
1788
1791
1792
1793
1794
1795
1797
1798
1802
1803
1805
1806
1808
1810
1811
1812
1813
1814
1815
1816
1818
1819
1820
1821
1825
1827
1828
1830
1834
1836
1837
1838
1839
1840
1841
1843
1845
1846
1847
1848
1849
1852
1853
1854
1855
1856
1861
1862
1866
1867
1870
1871
1874
1875
1883
1884
1885
1886
1889
1890
1891
1892
1893
1894
1895
1896
1898
1900
1901
1902
1903
1904
1905
1910
1911
1912
1914
1915
1917
1918
1920
1923
1924
1927
1928
1929
1930
1931
1932
1933
1935
1940
1941
1944
1946
1949
1951
1952
1954
1955
1956
1957
1958
1960
1965
1966
1968
1969
1970
1972
1973
1976
1977
1978
1979
1980
1983
1984
1985
1987
1988
1989
1990
1992
1994
1995
1996
1997
1999
2000
2001
2002
2004
2006
2008
2009
2010
2012
2014
2015
2016
2017
2018
2019
2020
2021
2022
2023
2024
2025
2026
2027
2030
2031
2032
2034
2036
2038
2040
2044
2045
2046
2049
2050
2052
2054
2055
2057
2058
2059
2060
2062
2063
2065
2066
2067
2070
2073
2075
2076
2077
2078
2079
2081
2082
2083
2085
2087
2088
2089
2091
2092
2093
2094
2095
2096
2097
2099
2101
2103
2104
2105
2109
2111
2112
2113
2114
2117
2120
2121
2122
2123
2124
2125
2126
2128
2129
2130
2133
2135
2138
2140
2141
2143
2144
2145
2147
2149
2150
2151
2152
2155
2157
2158
2160
2161
2162
2165
2166
2169
2171
2173
2174
2177
2180
2183
2184
2185
2186
2188
2189
2190
2191
2192
2194
2195
2196
2197
2198
2200
2204
2205
2206
2207
2209
2211
2212
2213
2215
2216
2217
2218
2219
2220
2221
2222
2224
2225
2227
2228
2230
2231
2232
2233
2234
2236
2237
2239
2241
2242
2243
2245
2246
2251
2252
2254
2255
2256
2257
2258
2260
2262
2263
2264
2265
2266
2267
2268
2269
2270
2271
2273
2274
2275
2276
2277
2279
2280
2283
2285
2286
2287
2289
2290
2293
2295
2297
2298
2300
2301
2302
2305
2306
2309
2311
2312
2313
2314
2316
2318
2319
2320
2322
2323
2324
2325
2327
2329
2330
2331
2336
2337
2338
2339
2341
2342
2343
2344
2346
2347
2348
2350
2354
2355
2356
2357
2358
2361
2363
2365
2367
2369
2370
2371
2372
2374
2376
2381
2382
2383
2384
2385
2386
2387
2388
2389
2391
2393
2394
2395
2398
2399
2400
2401
2403
2405
2406
2408
2412
2415
2416
2417
2418
2419
2424
2425
2426
2430
2433
2434
2436
2437
2439
2440
2442
2444
2445
2446
2447
2450
2451
2452
2455
2456
2457
2458
2459
2461
2462
2463
2464
2465
2466
2469
2470
2471
2472
2474
2477
2478
2480
2481
2482
2484
2485
2486
2487
2489
2493
2494
2496
2497
2500
2503
2506
2507
2508
2509
2510
2511
2516
2517
2519
2520
2521
2522
2524
2527
2529
2530
2531
2533
2535
2536
2538
2540
2543
2546
2548
2550
2551
2552
2553
2554
2555
2556
2558
2559
2560
2562
2564
2567
2569
2570
2571
2572
2574
2576
2578
2579
2581
2582
2583
2584
2585
2586
2587
2588
2589
2591
2592
2593
2595
2596
2598
2599
2600
2601
2602
2603
2604
2607
2608
2610
2612
2613
2614
2617
2618
2619
2621
2622
2623
2624
2625
2630
2631
2632
2635
2637
2638
2639
2640
2641
2642
2643
2644
2645
2647
2650
2651
2652
2653
2654
2655
2657
2658
2661
2663
2664
2665
2667
2668
2669
2670
2673
2677
2679
2682
2685
2686
2689
2691
2692
2693
2694
2695
2696
2697
2698
2699
2700
2702
2703
2704
2705
2706
2707
2708
2709
2710
2711
2712
2713
2714
2715
2716
2719
2722
2723
2724
2725
2726
2727
2728
2729
2730
2732
2734
2737
2738
2739
2740
2741
2742
2743
2744
2745
2747
2748
2749
2751
2753
2755
2756
2757
2759
2760
2761
2762
2763
2765
2766
2768
2769
2771
2772
2773
2774
2776
2777
2779
2781
2782
2783
2784
2786
2787
2788
2789
2790
2792
2793
2794
2795
2796
2797
2798
2799
2800
2802
2803
2805
2807
2808
2809
2811
2812
2816
2817
2818
2819
2821
2822
2826
2827
2828
2830
2832
2833
2834
2835
2836
2838
2839
2841
2842
2843
2845
2846
2847
2849
2850
2851
2852
2853
2856
2857
2858
2859
2860
2862
2863
2865
2866
2867
2868
2870
2872
2875
2876
2877
2879
2880
2881
2882
2883
2884
2886
2887
2891
2892
2893
2894
2898
2899
2900
2901
2905
2906
2907
2908
2909
2912
2913
2914
2915
2916
2918
2919
2920
2921
2924
2925
2926
2927
2928
2929
2931
2932
2935
2938
2940
2941
2942
2943
2944
2945
2946
2948
2949
2950
2951
2953
2955
2956
2957
2958
2959
2960
2961
2963
2964
2967
2968
2969
2970
2971
2972
2973
2974
2975
2976
2977
2979
2980
2981
2982
2983
2984
2985
2987
2989
2990
2991
2992
2994
2995
2996
2997
2998
3000
3001
3002
3003
3004
3005
3006
3007
3008
3009
3010
3011
3013
3015
3017
3018
3019
3020
3021
3025
3026
3027
3029
3031
3033
3034
3037
3038
3039
3040
3041
3042
3043
3044
3045
3046
3050
3051
3053
3056
3057
3059
3062
3063
3064
3067
3068
3069
3071
3073
3074
3076
3077
3078
3080
3081
3082
3083
3084
3085
3086
3087
3089
3090
3092
3093
3097
3098
3099
3102
3103
3105
3110
3112
3115
3116
3117
3118
3119
3120
3121
3122
3123
3124
3125
3126
3127
3128
3129
3130
3131
3132
3135
3137
3139
3140
3141
3144
3146
3149
3150
3152
3154
3155
3156
3157
3158
3159
3161
3162
3164
3168
3169
3170
3172
3173
3174
3175
3176
3179
3181
3183
3184
3185
3188
3189
3190
3191
3192
3193
3194
3196
3197
3198
3199
3202
3203
3204
3207
3209
3211
3213
3214
3216
3217
3218
3219
3221
3224
3225
3226
3227
3228
3229
3231
3233
3234
3236
3237
3238
3241
3242
3243
3244
3246
3247
3248
3249
3250
3251
3252
3253
3254
3255
3256
3257
3258
3260
3261
3262
3264
3265
3266
3270
3271
3272
3274
3275
3277
3278
3279
3281
3282
3284
3286
3287
3288
3289
3290
3291
3292
3294
3295
3296
3297
3298
3299
3301
3302
3303
3305
3306
3307
3308
3309
3311
3312
3313
3314
3316
3317
3318
3320
3322
3323
3325
3326
3327
3330
3331
3332
3334
3335
3337
3338
3339
3340
3341
3342
3343
3344
3345
3346
3347
3348
3349
3350
3351
3353
3354
3356
3357
3358
3359
3361
3362
3363
3365
3366
3368
3369
3370
3371
3373
3374
3379
3380
3381
3384
3386
3389
3390
3391
3392
3393
3395
3396
3397
3398
3399
3401
3402
3406
3408
3409
3411
3412
3414
3415
3416
3417
3420
3425
3426
3427
3429
3431
3432
3433
3434
3435
3443
3444
3445
3446
3447
3449
3450
3453
3454
3455
3456
3457
3458
3459
3461
3463
3464
3465
3466
3468
3470
3471
3472
3474
3475
3478
3479
3480
3481
3483
3484
3485
3489
3490
3491
3493
3495
3496
3497
3498
3500
3501
3505
3506
3512
3513
3514
3515
3516
3517
3519
3520
3522
3523
3524
3525
3526
3528
3529
3531
3533
3535
3539
3544
3545
3546
3549
3550
3551
3555
3557
3558
3561
3562
3564
3566
3567
3569
3570
3572
3573
3575
3576
3578
3579
3580
3583
3584
3585
3586
3588
3591
3592
3593
3594
3595
3596
3598
3599
3600
3602
3603
3604
3608
3609
3610
3611
3612
3613
3614
3615
3616
3617
3618
3619
3620
3621
3622
3623
3624
3625
3626
3628
3630
3633
3635
3636
3637
3639
3640
3641
3642
3643
3645
3646
3647
3648
3649
3650
3651
3652
3654
3655
3656
3657
3659
3662
3663
3664
3665
3666
3667
3668
3669
3673
3674
3675
3676
3677
3678
3680
3681
3682
3683
3685
3686
3688
3689
3693
3696
3698
3699
3701
3703
3704
3705
3706
3708
3709
3710
3712
3714
3716
3717
3719
3720
3721
3722
3723
3725
3726
3727
3728
3729
3730
3732
3733
3736
3737
3739
3740
3741
3742
3744
3747
3748
3749
3751
3752
3753
3754
3755
3756
3757
3758
3759
3760
3761
3762
3763
3764
3765
3767
3768
3772
3774
3776
3778
3779
3780
3781
3785
3786
3787
3788
3790
3791
3792
3793
3794
3795
3796
3797
3798
3799
3801
3803
3804
3805
3806
3807
3809
3810
3811
3812
3813
3815
3816
3817
3818
3820
3821
3823
3825
3826
3827
3833
3834
3836
3838
3839
3842
3843
3844
3846
3849
3856
3857
3858
3859
3860
3861
3862
3863
3865
3866
3867
3868
3870
3871
3872
3873
3876
3881
3882
3883
3885
3886
3888
3889
3891
3892
3894
3895
3896
3897
3898
3899
3902
3904
3911
3912
3913
3914
3915
3917
3919
3920
3921
3923
3924
3925
3928
3930
3931
3932
3933
3934
3936
3939
3940
3941
3944
3945
3948
3951
3953
3954
3955
3956
3957
3958
3960
3961
3962
3963
3964
3965
3966
3969
3970
3971
3972
3974
3975
3976
3977
3978
3979
3980
3981
3982
3983
3984
3985
3987
3988
3990
3991
3992
3996
3997
3998
3999
4000
4003
4004
4005
4007
4009
4010
4012
4016
4017
4018
4021
4022
4023
4025
4026
4027
4029
4031
4032
4033
4034
4035
4037
4038
4040
4043
4044
4045
4048
4050
4051
4052
4053
4056
4057
4058
4059
4060
4061
4062
4063
4066
4067
4068
4069
4073
4074
4075
4076
4077
4078
4080
4081
4084
4085
4087
4088
4090
4095
4096
4099
4100
4102
4103
4104
4107
4108
4111
4112
4114
4117
4118
4119
4120
4121
4126
4129
4130
4131
4134
4135
4137
4138
4140
4141
4142
4143
4144
4146
4147
4148
4151
4153
4154
4155
4157
4158
4159
4160
4161
4163
4164
4167
4168
4170
4174
4175
4176
4178
4180
4182
4183
4184
4187
4189
4190
4191
4192
4194
4195
4196
4197
4198
4199
4200
4201
4202
4204
4205
4206
4207
4208
4210
4211
4212
4213
4214
4215
4216
4218
4219
4221
4222
4223
4224
4225
4229
4231
4232
4233
4234
4235
4237
4238
4239
4240
4243
4244
4245
4247
4249
4250
4251
4252
4253
4254
4255
4256
4257
4259
4260
4263
4265
4266
4267
4268
4270
4271
4272
4273
4274
4275
4276
4277
4278
4279
4280
4281
4283
4284
4285
4287
4288
4291
4292
4294
4295
4297
4298
4299
4300
4301
4302
4303
4305
4306
4308
4309
4312
4313
4315
4317
4318
4321
4323
4324
4328
4329
4330
4332
4333
4334
4335
4336
4337
4338
4339
4340
4341
4342
4343
4346
4348
4349
4350
4351
4353
4356
4358
4359
4360
4361
4362
4363
4365
4366
4370
4372
4373
4375
4379
4380
4381
4382
4384
4385
4386
4388
4390
4392
4394
4397
4398
4399
4402
4403
4406
4407
4408
4409
4411
4412
4413
4414
4415
4416
4417
4419
4420
4422
4424
4425
4427
4428
4429
4431
4432
4433
4434
4435
4438
4439
4440
4442
4445
4446
4448
4449
4451
4452
4453
4456
4458
4461
4462
4463
4464
4465
4467
4468
4469
4470
4472
4473
4474
4475
4476
4477
4478
4480
4482
4483
4484
4485
4486
4488
4490
4492
4493
4494
4496
4497
4498
4500
4501
4502
4503
4504
4507
4509
4510
4511
4513
4515
4517
4520
4521
4522
4523
4524
4526
4527
4528
4529
4531
4533
4534
4535
